10112
10250
10319
1041
10587
10589
10598
10753
10953
10997
11038
11047
11109
11154
11202
11220
11230
11276
11422
11539
11543
11549
11662
11677
11828
11950
1198
11983
12061
12260
12372
12476
12508
12597
12742
12782
12800
12906
12977
1300
13040
13104
13128
13143
13154
13162
1322
13236
13329
13364
13564
1361
13674
14019
14056
14166
14168
14266
14309
14343
14703
14704
14874
14927
15043
15097
15124
15324
1547
15493
15514
15571
1575
15789
16015
1605
16323
16489
16617
16669
1669
1671
16874
16893
1696
1699
17109
17199
17404
17731
17767
17935
17981
18050
18052
18156
18210
18233
1832
18560
18626
18819
1885
18943
18968
19082
1911
19262
19269
19342
19373
19413
19467
19489
19505
19508
19524
19737
19791
19889
19912
20224
20247
20272
20286
20309
20413
20450
20474
20487
20507
20613
21060
21267
21278
21363
21365
21407
21504
21584
21925
22003
22029
22045
22107
2214
22251
22560
2276
22835
22948
22989
23025
2309
23272
23284
23343
23683
2372
23788
23932
23935
24039
24089
24158
2482
2536
2547
2611
2616
275
2774
281
2912
2916
2933
296
3160
3341
3518
3580
3619
3778
3812
3824
4073
4085
4086
4096
4130
4144
4218
4223
4454
4486
4529
453
4721
4744
4779
4785
4815
4853
4953
5141
5213
5230
5236
5316
5335
5378
5383
5388
5409
5543
5776
5888
5912
5930
6004
6090
6271
6466
6489
6505
653
654
6562
6762
6778
6796
6860
6924
6936
6956
7137
7164
7182
738
7410
7419
7540
7588
7721
775
7779
7929
803
804
8144
8204
8210
8246
8264
8386
8412
8422
8473
8497
8630
8882
8896
8946
9019
9127
9183
9250
9432
9529
9534
96
9606
9678
98
9844
9941